20
6
24
5 9 8 9 4 9 3 4 6 4 5 3 1 8 1 6 6 4 8 4 2 10 8 7 
9
35
8 4 8 7 10 1 3 10 3 7 5 7 3 5 6 4 8 5 9 8 9 6 8 3 6 1 10 8 6 3 2 3 4 9 8 
15
12
4 2 6 3 6 2 3 6 8 3 7 4 
9
29
4 1 2 7 9 3 10 3 1 10 6 4 8 7 3 9 8 2 2 10 9 8 6 10 7 5 2 6 2 
20
48
9 3 8 5 5 2 2 8 4 2 5 7 3 10 10 5 4 4 8 6 9 9 3 9 7 6 9 10 4 1 2 7 9 5 3 2 5 2 7 8 10 3 2 9 2 10 7 7 
8
14
1 4 10 9 2 8 5 9 10 4 10 6 2 1 
16
39
6 5 6 5 8 9 10 9 8 1 7 9 10 6 9 8 2 3 6 2 2 3 6 9 8 3 2 7 1 3 10 6 6 7 5 8 10 10 6 
14
32
2 4 3 10 9 6 3 5 9 2 5 10 6 7 3 4 3 5 5 6 8 8 3 9 5 6 9 6 4 2 10 5 
15
18
1 7 4 8 9 9 5 8 9 1 8 3 3 5 7 2 10 7 
19
22
5 8 6 3 4 3 8 5 6 2 2 2 7 5 10 3 10 5 6 4 2 4 
13
41
9 4 3 3 1 8 10 6 2 1 1 5 6 10 8 2 7 5 7 8 5 7 3 8 7 2 2 1 8 7 7 5 8 9 7 1 6 4 3 2 4 
14
43
1 4 5 5 8 3 6 10 9 7 9 9 3 1 6 6 4 5 7 6 10 7 7 9 9 4 10 7 10 7 3 8 7 7 6 6 8 5 8 7 6 10 1 
1
16
7 10 1 6 6 4 2 10 10 10 10 2 9 5 5 10 
9
46
6 10 6 10 4 7 9 10 3 6 1 9 1 10 4 7 5 1 9 9 9 5 9 10 4 3 7 1 6 5 5 4 5 1 6 3 1 8 5 8 8 10 2 7 3 7 
17
28
6 6 4 5 1 8 3 5 4 10 5 5 7 9 8 1 3 1 6 7 7 9 5 2 3 6 3 3 
4
33
7 6 3 1 9 9 5 2 4 6 7 5 1 1 8 1 10 3 10 9 5 9 8 1 4 7 5 9 5 3 5 3 5 
6
20
1 3 3 5 5 3 1 6 7 1 3 4 7 7 8 3 7 7 10 10 
18
50
7 8 4 7 2 3 9 5 7 6 7 2 4 9 4 4 9 8 2 7 1 4 9 5 6 10 4 2 7 8 4 9 7 3 4 4 7 8 3 6 6 7 2 3 7 6 3 8 8 10 
7
13
8 1 1 7 1 8 9 5 3 4 6 6 7 
9
31
1 7 5 4 5 3 10 3 2 7 3 2 6 6 3 4 3 2 9 8 5 2 5 2 1 6 10 1 7 4 7 
